!PC 1 0 0 20
!PC 1 0 1 0
!PC 1 0 2 0
!PC 1 0 3 0
!PC 1 0 4 20
!PC 1 0 5 2
!PC 1 0 6 0
!PC 1 0 7 1
!PC 1 0 8 1
!PC 1 0 9 0
!PC 1 0 10 0
!PC 1 0 11 0
!PC 1 0 12 0
!PC 1 0 13 10
!PC 1 0 14 2
!PC 1 0 15 0
!PC 1 0 16 1
!PC 1 0 17 1
!PC 1 0 18 0
!PC 1 0 19 0
!PC 1 0 20 0
!PC 1 0 21 0
!PC 1 0 22 10
!PC 1 0 23 2
!PC 1 0 24 0
!PC 1 0 25 1
!PC 1 0 26 1
!PC 1 0 27 0
!PC 1 0 28 0 
!PC 1 0 29 0
!PC 1 0 30 0
!PC 1 0 31 50
!PC 1 0 32 2
!PC 1 0 33 0
!PC 1 0 34 1
!PC 1 0 35 5
!PC 1 0 36 0
!PC 1 0 37 0
!PC 1 0 38 0
!PC 1 0 39 0
!PC 1 0 40 100
!PC 1 0 41 2
!PC 1 0 42 0
!PC 1 0 43 1
!PC 1 0 44 10
!PC 1 0 45 3
!PC 1 0 46 10
!PC 1 0 47 375
!PC 1 0 48 1000
