!PC 0 0 0 2
!PC 0 0 1 60
!PC 0 0 2 0
!PC 0 0 3 0
!PC 0 0 4 2
!PC 0 0 5 3
!PC 0 0 6 7
!PC 0 0 7 0
!PC 0 0 8 1
!PC 0 0 9 0
!PC 0 0 10 60
!PC 0 0 11 0
!PC 0 0 12 0
!PC 0 0 13 2
!PC 0 0 14 3
!PC 0 0 15 7
!PC 0 0 16 0
!PC 0 0 17 1
!PC 0 0 18 0
!PC 0 0 19 60
!PC 0 0 20 0
!PC 0 0 21 0
!PC 0 0 22 2
!PC 0 0 23 3
!PC 0 0 24 7
!PC 0 0 25 0
!PC 0 0 26 1
!PC 0 0 27 0
!PC 0 0 28 60
!PC 0 0 29 0
!PC 0 0 30 0
!PC 0 0 31 2
!PC 0 0 32 3
!PC 0 0 33 7
!PC 0 0 34 0
!PC 0 0 35 5
!PC 0 0 36 0
!PC 0 0 37 60
!PC 0 0 38 0
!PC 0 0 39 0
!PC 0 0 40 2
!PC 0 0 41 3
!PC 0 0 42 7
!PC 0 0 43 0
!PC 0 0 44 10
!PC 0 0 45 3
!PC 0 0 46 10
!PC 0 0 47 475
!PC 0 0 48 1000
!PC 0 1 4 5
!PC 0 1 14 0
!PC 0 1 15 40
!PC 0 1 16 10
!PC 0 1 17 -1600
!PC 0 1 18 38
