!PC 3 0 0 0
!PC 3 0 1 60
!PC 3 0 2 0
!PC 3 0 3 0
!PC 3 0 4 60
!PC 3 0 5 2
!PC 3 0 6 0
!PC 3 0 7 1
!PC 3 0 8 1
!PC 3 0 9 0
!PC 3 0 10 60
!PC 3 0 11 0
!PC 3 0 12 0
!PC 3 0 13 2
!PC 3 0 14 2
!PC 3 0 15 0
!PC 3 0 16 1
!PC 3 0 17 1
!PC 3 0 18 0
!PC 3 0 19 60
!PC 3 0 20 0
!PC 3 0 21 0
!PC 3 0 22 10
!PC 3 0 23 2
!PC 3 0 24 0
!PC 3 0 25 1
!PC 3 0 26 1
!PC 3 0 27 0
!PC 3 0 28 60 
!PC 3 0 29 0
!PC 3 0 30 0
!PC 3 0 31 100
!PC 3 0 32 2
!PC 3 0 33 0
!PC 3 0 34 1
!PC 3 0 35 10
!PC 3 0 36 0
!PC 3 0 37 60
!PC 3 0 38 0
!PC 3 0 39 0
!PC 3 0 40 200
!PC 3 0 41 2
!PC 3 0 42 0
!PC 3 0 43 1
!PC 3 0 44 50
!PC 3 0 45 1
!PC 3 0 46 10
!PC 3 0 47 300
!PC 3 0 48 1000
